871562571 733405908
124913159 1853072241
1202342865 2323427502
1811808075 2607047210
593091730 1611557752
2496917036 521482168
2483202917 2190179857
136075968 1972533562
592440892 2607549696
1875655018 1404661138
538603519 2598714466
790219262 1613208985
1150339911 2081277710
811174809 1421482404
2345116173 2438957093
1467602834 1955016426
126988907 567129702
1252761413 2059679703
2507648243 628762866
594606930 704628679
2474667219 878020046
140855516 2324722108
984694415 1677735389
1461710625 449179540
978679112 1231431160
1904910610 407602759
1069989485 1668638839
889017586 1442033896
2327617581 1092912547
1175683568 729255149
999664931 1056907645
595456185 1722181093
707166868 943207500
537771674 1931997084
2211241178 593018008
1492850480 1802663297
1063241394 932848311
1757160455 144766853
1646579722 2184657654
504283071 2354743505
140524868 1537321153
1815096207 1315815407
503227739 2027541432
1793237865 2308789959
313697252 2344844130
591885578 2323868106
1100132380 1849461938
2468770725 2471194582
2005663704 996385883
1804641406 2108671864
1948824823 17611227
217233094 2519077012
